fecha,hora,observacion,temperatura
20111201,1,10939,8.685562
20111201,2,10503,8.005019
20111201,3,10309,6.893907
20111201,4,10306,6.217873
20111201,5,10710,5.662318
20111201,6,11945,5.546204
20111201,7,14023,4.878759
20111201,8,15006,4.111557
20111201,9,15133,4.667112
20111201,10,15175,6.23376
20111201,11,15195,7.248555
20111201,12,15141,8.359666
20111201,13,14980,9.470777
20111201,14,14905,9.933595
20111201,15,14791,10.399876
20111201,16,14937,10.313948
20111201,17,16229,9.120144
20111201,18,17417,8.009033
20111201,19,17402,6.897922
20111201,20,17041,5.786811
20111201,21,16463,5.231255
20111201,22,15407,4.6757
20111201,23,13913,4.288765
20111201,24,12526,3.177654
20111202,1,11624,2.711373
20111202,2,11205,2.155818
20111202,3,10999,2.248555
20111202,4,10998,1.692999
20111202,5,11367,1.692999
20111202,6,12513,-2.137443
20111202,7,14570,-5.23376
20111202,8,15562,0.581888
20111202,9,15660,2.900427
20111202,10,15605,4.770958
20111202,11,15508,6.657315
20111202,12,15371,8.767648
20111202,13,15146,9.990648
20111202,14,15037,11.101759
20111202,15,14920,11.657315
20111202,16,15022,11.101759
20111202,17,16286,10.546204
20111202,18,17052,10.434314
20111202,19,16782,9.435093
20111202,20,16282,9.435093
20111202,21,15716,8.323982
20111202,22,14879,7.21287
20111202,23,13695,6.657315
20111202,24,12420,6.101759
20111203,1,11490,5.546204
20111203,2,10971,4.990648
20111203,3,10712,3.879537
20111203,4,10646,4.323203
20111203,5,10816,3.212092
20111203,6,11308,2.44489
20111203,7,12174,1.889334
20111203,8,13042,1.889334
20111203,9,13935,2.44489
20111203,10,14348,4.770958
20111203,11,14390,5.882069
20111203,12,14231,7.100981
20111203,13,13990,7.656537
20111203,14,13706,8.212092
20111203,15,13599,8.104291
20111203,16,13815,8.104291
20111203,17,15265,7.548735
20111203,18,16300,6.437624
20111203,19,16163,10.878759
20111203,20,15743,9.878759
20111203,21,15281,4.435093
20111203,22,14603,3.212092
20111203,23,13608,2.656537
20111203,24,12503,2.100981
20111204,1,11619,2.100981
20111204,2,11088,2.100981
20111204,3,10814,2.100981
20111204,4,10687,2.21287
20111204,5,10741,2.328984
20111204,6,11065,2.88454
20111204,7,11622,3.005019
20111204,8,12269,3.560574
20111204,9,13213,4.241117
20111204,10,13765,6.171883
20111204,11,13892,8.827913
20111204,12,13870,11.366377
20111204,13,13867,13.033044
20111204,14,13724,14.144155
20111204,15,13584,14.866467
20111204,16,13756,14.866467
20111204,17,15303,13.928112
20111204,18,16513,13.372557
20111204,19,16459,12.440392
20111204,20,16005,11.884836
20111204,21,15396,12.070167
20111204,22,14272,11.514611
20111204,23,12854,12.26208
20111204,24,11584,12.26208
20111205,1,10751,12.26208
20111205,2,10311,10.959056
20111205,3,10134,10.959056
20111205,4,10127,11.706525
20111205,5,10496,10.959056
20111205,6,11658,10.959056
20111205,7,13728,11.706525
20111205,8,14789,10.959056
20111205,9,14988,13.222037
20111205,10,15153,14.546062
20111205,11,15261,16.105531
20111205,12,15257,16.988632
20111205,13,15137,18.099743
20111205,14,15061,19.210854
20111205,15,14904,19.76641
20111205,16,15016,19.76641
20111205,17,16372,18.883309
20111205,18,17500,17.772198
20111205,19,17372,16.661086
20111205,20,16862,16.661086
20111205,21,16112,16.896991
20111205,22,14905,16.341435
20111205,23,13274,15.78588
20111205,24,11793,15.78588
20111206,1,10811,16.341435
20111206,2,10324,16.341435
20111206,3,10070,16.341435
20111206,4,10006,17.141028
20111206,5,10300,17.393443
20111206,6,11376,17.948999
20111206,7,13469,17.948999
20111206,8,14751,18.504555
20111206,9,15025,18.765599
20111206,10,15188,19.591086
20111206,11,15334,20.425723
20111206,12,15365,10.269781
20111206,13,15284,22.123537
20111206,14,15295,22.679092
20111206,15,15246,22.380892
20111206,16,15575,22.380892
20111206,17,16855,21.825336
20111206,18,17515,21.269781
20111206,19,17289,20.714225
20111206,20,16759,20.425723
20111206,21,16006,20.425723
20111206,22,14844,19.870167
20111206,23,13225,19.870167
20111206,24,11748,19.870167
20111207,1,10735,19.870167
20111207,2,10234,19.870167
20111207,3,9967,19.870167
20111207,4,9916,19.03553
20111207,5,10197,19.03553
20111207,6,11252,18.765599
20111207,7,13294,16.585473
20111207,8,14675,16.585473
20111207,9,15035,16.585473
20111207,10,15286,16.585473
20111207,11,15515,16.585473
20111207,12,15568,15.78588
20111207,13,15558,14.99442
20111207,14,15590,14.76641
20111207,15,15566,14.210854
20111207,16,15873,13.990506
20111207,17,16975,13.222037
20111207,18,17527,12.666482
20111207,19,17313,12.666482
20111207,20,16892,12.666482
20111207,21,16219,12.460782
20111207,22,15096,12.460782
20111207,23,13561,11.905227
20111207,24,12117,11.150969
20111208,1,11179,10.959056
20111208,2,10725,10.21817
20111208,3,10534,8.755355
20111208,4,10534,7.161246
20111208,5,10934,6.455851
20111208,6,12064,5.481873
20111208,7,14180,5.227241
20111208,8,15287,4.435093
20111208,9,15493,0.215402
20111208,10,15600,4.111557
20111208,11,15663,5.326513
20111208,12,15618,6.437624
20111208,13,15502,7.548735
20111208,14,15486,7.548735
20111208,15,15401,7.44489
20111208,16,15556,7.44489
20111208,17,16870,6.789316
20111208,18,18002,5.778223
20111208,19,17913,5.122649
20111208,20,17629,4.011538
20111208,21,17084,3.556001
20111208,22,16021,3.556001
20111208,23,14480,3.556001
20111208,24,12993,3.659847
20111209,1,12008,3.659847
20111209,2,11518,3.659847
20111209,3,11279,3.104291
20111209,4,11264,3.212092
20111209,5,11616,1.99318
20111209,6,12692,2.656537
20111209,7,14740,2.656537
20111209,8,15807,2.656537
20111209,9,15979,3.323982
20111209,10,15979,4.990648
20111209,11,15832,6.893907
20111209,12,15655,8.440095
20111209,13,15426,9.551207
20111209,14,15298,10.782796
20111209,15,15148,11.338352
20111209,16,15255,11.338352
20111209,17,16628,11.171883
20111209,18,17507,10.200192
20111209,19,17212,9.789184
20111209,20,16690,10.094326
20111209,21,16076,10.094326
20111209,22,15191,9.69971
20111209,23,13951,0
20111209,24,12576,9.144155
20111210,1,11546,8.983215
20111210,2,10948,8.272357
20111210,3,10636,6.866859
20111210,4,10486,7.422414
20111210,5,10599,6.592984
20111210,6,11042,6.037429
20111210,7,11882,5.352228
20111210,8,12801,5.227241
20111210,9,13799,4.671685
20111210,10,14411,6.463339
20111210,11,14577,7.328984
20111210,12,14560,7.548735
20111210,13,14452,6.789316
20111210,14,14270,6.137443
20111210,15,14138,6.044707
20111210,16,14338,5.15169
20111210,17,15838,3.964035
20111210,18,16915,2.708497
20111210,19,16753,1.668189
20111210,20,16336,1.112633
20111210,21,15896,0.557078
20111210,22,15253,0.486275
20111210,23,14294,-0.069281
20111210,24,13134,-0.624836
20111211,1,12206,-1.248471
20111211,2,11666,-1.804026
20111211,3,11382,-1.804026
20111211,4,11287,-2.359582
20111211,5,11384,-2.291503
20111211,6,11713,-2.847059
20111211,7,12335,-3.402614
20111211,8,12993,-2.915137
20111211,9,13892,-2.291503
20111211,10,14452,-0.480409
20111211,11,14621,1.186257
20111211,12,14618,2.223744
20111211,13,14568,2.640418
20111211,14,14424,3.195974
20111211,15,14330,3.819608
20111211,16,14596,3.751529
20111211,17,16289,3.195974
20111211,18,17623,2.152941
20111211,19,17651,1.597386
20111211,20,17345,1.186257
20111211,21,16787,0.630702
20111211,22,15676,0.075146
20111211,23,14282,0.630702
20111211,24,12962,0.075146
20111212,1,12076,0.075146
20111212,2,11624,0.630702
20111212,3,11467,0.075146
20111212,4,11507,-0.403866
20111212,5,11899,-0.3243
20111212,6,13083,-0.3243
20111212,7,15229,-0.879856
20111212,8,16304,-0.879856
20111212,9,16355,-0.241608
20111212,10,16264,2.53617
20111212,11,16142,4.6757
20111212,12,15974,6.741813
20111212,13,15718,7.708497
20111212,14,15613,8.751529
20111212,15,15484,8.686082
20111212,16,15707,8.751529
20111212,17,17244,7.297368
20111212,18,18384,5.15169
20111212,19,18356,4.6757
20111212,20,18068,4.120144
20111212,21,17462,2.53617
20111212,22,16313,1.980615
20111212,23,14675,1.425059
20111212,24,13145,1.342366
20111213,1,12204,0.15169
20111213,2,11759,0.15169
20111213,3,11585,0.15169
20111213,4,11601,-0.959421
20111213,5,12012,-1.514977
20111213,6,13214,-1.514977
20111213,7,15395,-2.070533
20111213,8,16466,-1.591521
20111213,9,16485,-0.959421
20111213,10,16326,1.897922
20111213,11,16191,3.647281
20111213,12,15976,5.869503
20111213,13,15715,8.177654
20111213,14,15588,9.933595
20111213,15,15433,9.933595
20111213,16,15625,9.470777
20111213,17,17178,8.359666
20111213,18,18435,6.789316
20111213,19,18361,6.333779
20111213,20,17990,5.882069
20111213,21,17341,5.434314
20111213,22,16204,5.434314
20111213,23,14579,5.882069
20111213,24,13031,5.434314
20111214,1,12017,4.878759
20111214,2,11501,4.435093
20111214,3,11267,4.435093
20111214,4,11242,5.106762
20111214,5,11564,4.435093
20111214,6,12673,4.551207
20111214,7,14796,4.551207
20111214,8,15944,4.551207
20111214,9,16059,4.671685
20111214,10,16042,5.907784
20111214,11,16004,7.018895
20111214,12,15903,7.574451
20111214,13,15729,8.130006
20111214,14,15689,8.685562
20111214,15,15630,8.685562
20111214,16,15860,8.685562
20111214,17,17283,8.685562
20111214,18,18303,7.449463
20111214,19,18168,6.338352
20111214,20,17765,6.338352
20111214,21,17131,6.463339
20111214,22,16011,6.463339
20111214,23,14399,6.463339
20111214,24,12817,6.463339
20111215,1,11756,7.14854
20111215,2,11209,7.14854
20111215,3,10956,7.14854
20111215,4,10922,7.282994
20111215,5,11208,7.838549
20111215,6,12313,8.122517
20111215,7,14372,8.678073
20111215,8,15646,9.538771
20111215,9,15845,9.69971
20111215,10,15957,10.977578
20111215,11,16003,12.440392
20111215,12,15978,13.928747
20111215,13,15848,14.484303
20111215,14,15851,15.039858
20111215,15,15775,15.23856
20111215,16,15965,15.794115
20111215,17,17147,15.794115
20111215,18,17798,15.794115
20111215,19,17537,15.44426
20111215,20,17149,15.657173
20111215,21,16506,15.877521
20111215,22,15407,16.433077
20111215,23,13859,16.433077
20111215,24,12275,16.661086
20111216,1,11207,16.661086
20111216,2,10615,16.661086
20111216,3,10359,15.877521
20111216,4,10301,15.877521
20111216,5,10586,16.555371
20111216,6,11670,14.847944
20111216,7,13743,13.033044
20111216,8,14926,11.171883
20111216,9,15167,10.481873
20111216,10,15259,9.435093
20111216,11,15323,9.990648
20111216,12,15264,9.990648
20111216,13,15106,10.434314
20111216,14,15051,9.990648
20111216,15,14966,10.434314
20111216,16,15158,9.878759
20111216,17,16590,8.767648
20111216,18,17531,8.212092
20111216,19,17315,7.21287
20111216,20,16816,6.657315
20111216,21,16259,6.101759
20111216,22,15466,6.101759
20111216,23,14263,5.546204
20111216,24,12876,5.546204
20111217,1,11802,4.435093
20111217,2,11230,4.435093
20111217,3,10960,3.212092
20111217,4,10874,3.212092
20111217,5,10999,3.212092
20111217,6,11490,2.656537
20111217,7,12363,2.656537
20111217,8,13295,1.99318
20111217,9,14331,2.656537
20111217,10,14911,4.323203
20111217,11,15064,5.434314
20111217,12,14981,5.778223
20111217,13,14838,5.489151
20111217,14,14738,5.399876
20111217,15,14752,4.202837
20111217,16,15041,3.485023
20111217,17,16456,2.852924
20111217,18,17338,2.223744
20111217,19,17111,1.597386
20111217,20,16715,0.352748
20111217,21,16315,-0.265714
20111217,22,15674,-1.376826
20111217,23,14692,-1.43728
20111217,24,13526,-2.662281
20111218,1,12554,-3.271434
20111218,2,12004,-3.773392
20111218,3,11717,-4.328948
20111218,4,11629,-4.884503
20111218,5,11709,-5.493657
20111218,6,12073,-6.604768
20111218,7,12754,-7.211795
20111218,8,13527,-7.211795
20111218,9,14567,-7.261214
20111218,10,15205,-6.150103
20111218,11,15426,-5.594548
20111218,12,15463,-3.975322
20111218,13,15423,-3.4653
20111218,14,15292,-2.953439
20111218,15,15215,-2.439805
20111218,16,15540,-2.518586
20111218,17,17199,-3.074141
20111218,18,18418,-4.222233
20111218,19,18526,-5.257796
20111218,20,18243,-5.257796
20111218,21,17825,-6.328694
20111218,22,16830,-6.286773
20111218,23,15417,-6.798634
20111218,24,14017,-6.842328
20111219,1,13119,-7.909745
20111219,2,12669,-7.909745
20111219,3,12510,-7.864211
20111219,4,12549,-7.81677
20111219,5,12940,-7.76735
20111219,6,14145,-7.76735
20111219,7,16257,-7.76735
20111219,8,17332,-7.160323
20111219,9,17103,-5.493657
20111219,10,17017,-2.548391
20111219,11,17039,0.557078
20111219,12,16974,3.091726
20111219,13,16705,4.933595
20111219,14,16465,6.789316
20111219,15,16280,8.000446
20111219,16,16506,8.104291
20111219,17,18034,8.104291
20111219,18,19040,8.212092
20111219,19,18852,8.212092
20111219,20,18393,8.323982
20111219,21,17683,7.768426
20111219,22,16472,7.768426
20111219,23,14802,7.88454
20111219,24,13179,8.440095
20111220,1,12043,7.88454
20111220,2,11453,8.560574
20111220,3,11146,8.685562
20111220,4,11097,8.815206
20111220,5,11451,8.259651
20111220,6,12555,8.130006
20111220,7,14638,7.328984
20111220,8,15859,5.778223
20111220,9,16108,5.122649
20111220,10,16153,4.470777
20111220,11,16152,4.202837
20111220,12,16077,5.15169
20111220,13,15900,5.557078
20111220,14,15852,5.486275
20111220,15,15770,5.418196
20111220,16,15991,5.352748
20111220,17,17588,4.241637
20111220,18,18745,2.640418
20111220,19,18717,2.152941
20111220,20,18401,1.597386
20111220,21,17820,1.112633
20111220,22,16756,0.630702
20111220,23,15138,0.707245
20111220,24,13570,0.786811
20111221,1,12475,0.786811
20111221,2,11884,1.980615
20111221,3,11587,2.066543
20111221,4,11504,2.80411
20111221,5,11799,2.900427
20111221,6,12851,4.111557
20111221,7,14840,4.878759
20111221,8,16116,5.106762
20111221,9,16314,5.782796
20111221,10,16382,6.592984
20111221,11,16410,8.678073
20111221,12,16387,10.255266
20111221,13,16319,10.594779
20111221,14,16331,10.773725
20111221,15,16273,12.460782
20111221,16,16512,12.666482
20111221,17,17645,13.434951
20111221,18,18188,13.990506
20111221,19,17936,16.341435
20111221,20,17521,16.341435
20111221,21,16850,16.585473
20111221,22,15760,17.141028
20111221,23,14174,17.141028
20111221,24,12535,17.393443
20111222,1,11400,17.452546
20111222,2,10806,16.105531
20111222,3,10498,15.321966
20111222,4,10417,15.101617
20111222,5,10703,14.683004
20111222,6,11722,14.484303
20111222,7,13685,14.107058
20111222,8,14854,13.551503
20111222,9,15099,13.372557
20111222,10,15186,13.372557
20111222,11,15232,14.310911
20111222,12,15135,15.255266
20111222,13,14899,15.649882
20111222,14,14820,15.094326
20111222,15,14717,15.094326
20111222,16,14918,14.538771
20111222,17,16314,13.827913
20111222,18,17361,13.122517
20111222,19,17248,12.161246
20111222,20,16875,12.161246
20111222,21,16319,11.205438
20111222,22,15373,10.649882
20111222,23,13942,10.649882
20111222,24,12436,10.810822
20111223,1,11309,10.094326
20111223,2,10704,9.866467
20111223,3,10385,10.039223
20111223,4,10309,9.662614
20111223,5,10580,9.483668
20111223,6,11469,8.755355
20111223,7,13127,8.033044
20111223,8,14474,7.316549
20111223,9,15096,6.605691
20111223,10,15411,6.605691
20111223,11,15495,7.716802
20111223,12,15430,8
20111223,13,15240,8
20111223,14,15083,8
20111223,15,14932,8
20111223,16,15061,8
20111223,17,16374,8
20111223,18,17445,8
20111223,19,17221,8
20111223,20,16804,8
20111223,21,16332,8
20111223,22,15617,8
20111223,23,14490,8
20111223,24,13208,8
20111224,1,12132,8
20111224,2,11514,8
20111224,3,11222,8
20111224,4,11115,8
20111224,5,11214,-1.665144
20111224,6,11623,-2.2207
20111224,7,12443,-2.291503
20111224,8,13407,-2.847059
20111224,9,14515,-2.915137
20111224,10,15256,-2.359582
20111224,11,15519,-1.869474
20111224,12,15483,-1.313918
20111224,13,15312,-0.82127
20111224,14,15087,-0.326169
20111224,15,14979,0.115497
20111224,16,15063,0.061899
20111224,17,16213,-1.197545
20111224,18,17032,-2.261214
20111224,19,16500,-2.864211
20111224,20,15978,-3.322906
20111224,21,15667,-4.382546
20111224,22,15367,-5.038992
20111224,23,14809,-5.594548
20111224,24,13936,-6.150103
20111225,1,13008,-6.100683
20111225,2,12313,-6.656239
20111225,3,11955,-6.656239
20111225,4,11813,-6.604768
20111225,5,11826,-7.106725
20111225,6,12067,-6.495367
20111225,7,12644,-6.43728
20111225,8,13453,-5.82127
20111225,9,14432,-5.202807
20111225,10,15034,-4.026249
20111225,11,15223,-2.776256
20111225,12,15244,-0.959421
20111225,13,15045,-0.241608
20111225,14,14557,2.248555
20111225,15,14053,4.111557
20111225,16,13844,4.770958
20111225,17,14611,4.878759
20111225,18,15180,4.878759
20111225,19,15087,5.662318
20111225,20,14936,5.106762
20111225,21,14720,5.782796
20111225,22,14237,5.782796
20111225,23,13349,6.463339
20111225,24,12297,6.037429
20111226,1,11448,5.907784
20111226,2,10942,4.796673
20111226,3,10700,5.352228
20111226,4,10631,4.796673
20111226,5,10801,4.796673
20111226,6,11281,4.671685
20111226,7,11993,3.995651
20111226,8,12583,3.879537
20111226,9,13366,4.323203
20111226,10,14091,5.434314
20111226,11,14508,6.437624
20111226,12,14615,6.789316
20111226,13,14499,6.692999
20111226,14,14255,6.510987
20111226,15,14088,6.342366
20111226,16,14261,6.342366
20111226,17,15724,5.313948
20111226,18,17097,3.564589
20111226,19,17040,3.091726
20111226,20,16716,1.425059
20111226,21,16225,1.425059
20111226,22,15371,1.425059
20111226,23,14158,0.399876
20111226,24,12908,0.399876
20111227,1,11991,1.044707
20111227,2,11513,0.489151
20111227,3,11315,-0.62196
20111227,4,11276,-0.066405
20111227,5,11565,0.026332
20111227,6,12410,1.137443
20111227,7,13785,1.23376
20111227,8,14842,1.23376
20111227,9,15529,2.548735
20111227,10,15973,4.435093
20111227,11,16208,6.338352
20111227,12,16252,7.449463
20111227,13,16085,8.259651
20111227,14,15934,9.505216
20111227,15,15775,10.344739
20111227,16,15948,10.49458
20111227,17,17157,10.810822
20111227,18,17828,10.977578
20111227,19,17518,11.329281
20111227,20,16933,13.777593
20111227,21,16204,15.321966
20111227,22,15100,16.341435
20111227,23,13628,17.948999
20111227,24,12228,18.504555
20111228,1,11207,19.321155
20111228,2,10618,18.504555
20111228,3,10285,17.216642
20111228,4,10208,15.657173
20111228,5,10429,13.928747
20111228,6,11207,12.995947
20111228,7,12571,12.261445
20111228,8,13684,10.810822
20111228,9,14422,10.649882
20111228,10,14937,9.789184
20111228,11,15305,10.200192
20111228,12,15502,9.926317
20111228,13,15498,9.241117
20111228,14,15467,8.440095
20111228,15,15372,7.44489
20111228,16,15499,5.581888
20111228,17,16811,4.288765
20111228,18,18079,2.453477
20111228,19,18005,1.186257
20111228,20,17619,0.557078
20111228,21,17067,0.001522
20111228,22,16115,-1.180392
20111228,23,14824,-1.248471
20111228,24,13526,-1.869474
20111229,1,12601,-1.869474
20111229,2,12138,-2.548391
20111229,3,11952,-3.217836
20111229,4,11964,-3.82699
20111229,5,12273,-4.483437
20111229,6,13151,-5.086433
20111229,7,14536,-5.687523
20111229,8,15619,-5.687523
20111229,9,16247,-5.687523
20111229,10,16611,-4.620106
20111229,11,16753,-3.550916
20111229,12,16671,-2.439805
20111229,13,16475,-1.96303
20111229,14,16301,-0.851919
20111229,15,16078,-0.217583
20111229,16,16220,-0.217583
20111229,17,17518,-0.175661
20111229,18,18596,-1.243078
20111229,19,18441,-1.7531
20111229,20,17979,-1.705659
20111229,21,17330,-2.211795
20111229,22,16350,-2.160323
20111229,23,15061,-2.662281
20111229,24,13671,-2.606478
20111230,1,12710,-2.548391
20111230,2,12140,-2.487937
20111230,3,11857,-1.869474
20111230,4,11776,-1.735948
20111230,5,11955,-1.180392
20111230,6,12671,-1.109589
20111230,7,13891,-1.109589
20111230,8,14928,-1.591521
20111230,9,15643,-0.403866
20111230,10,16070,0.707245
20111230,11,16269,1.342366
20111230,12,16203,2.622098
20111230,13,15918,3.266929
20111230,14,15644,4.567094
20111230,15,15349,5.882069
20111230,16,15340,6.545425
20111230,17,16441,5.434314
20111230,18,17448,3.556001
20111230,19,17180,3.000446
20111230,20,16665,3.000446
20111230,21,16039,3.000446
20111230,22,15230,3.104291
20111230,23,14077,3.104291
20111230,24,12856,3.104291
20111231,1,11861,3.104291
20111231,2,11277,3.212092
20111231,3,10900,3.323982
20111231,4,10736,3.879537
20111231,5,10755,3.440095
20111231,6,11054,3.560574
20111231,7,11678,4.241117
20111231,8,12447,4.370762
20111231,9,13418,4.370762
20111231,10,14317,4.505216
20111231,11,14907,5.200192
20111231,12,15086,5.900295
20111231,13,15014,6.605691
20111231,14,14833,7.872104
20111231,15,14662,8.755355
20111231,16,14701,8.588599
20111231,17,15735,8.588599
20111231,18,16664,7.477488
20111231,19,16299,7.316549
20111231,20,15555,6.760993
20111231,21,14827,6.050135
20111231,22,14137,6.050135
20111231,23,13395,5.344739
20111231,24,12664,5.200192
